10 5
4 3 3 85 64 5 96 176 4 45 111 5 5 14 20 3 84 173 5 31 112 1 16 110 2 21 189 4 2 78 175 5 30 178 3 83 154 1 100 41 4 3 57 127 3 50 142 4 33 132 2 70 159
5 2 4 47 91 2 8 69 2 1 89 93 5 60 72 1 3 46 18 1 5 99 144 3 5 24 154 3 9 191 3 73 113
5 3 4 2 141 1 16 89 4 42 160 1 1 28 40 5 3 85 173 3 66 120 3 89 50 3 35 184 1 83 146 2 4 39 70 2 89 132 5 2 85 11 4 80 11 5 53 170 1 22 177 1 78 87
5 4 2 31 23 1 69 30 1 22 9 2 90 176 2 4 25 33 5 86 21 1 5 5 176 2 5 72 8 3 50 102 3 1 3 97 2 78 112 4 20 131
6 2 2 56 92 2 6 152 5 4 8 72 4 93 32 1 25 62 4 45 106 3 8 15 2 2 81 29 3 5 46 4 2 46 127 3 76 121 5 69 54 1 96 124 3 2 70 180 2 65 33 1 78 53 3 1 98 5 2 39 197 1 95 84
4 5 5 49 87 1 50 191 5 91 144 3 76 72 3 47 124 2 2 14 59 5 23 175 4 1 75 133 2 12 99 5 30 95 2 30 120 2 2 95 133 4 87 15
5 3 5 71 139 5 79 195 3 60 148 1 2 88 166 4 5 40 26 3 4 37 1 48 66 4 94 142 5 3 58 125 1 99 54 4 87 132 3 51 81 2 81 62 3 5 69 108 4 31 6 4 63 51
4 1 1 98 11 4 2 57 165 2 84 190 2 92 47 2 94 96 1 3 32 123 2 4 83 149 1 19 44
6 5 3 57 105 2 37 87 3 34 25 4 28 153 2 12 61 2 1 87 15 3 17 41 3 2 31 84 1 70 194 4 97 99 2 1 72 57 4 23 181 3 4 36 65 4 9 46 2 65 116 5 4 2 140 1 2 32 1 63 89 2 24 136 1 85 85
6 5 1 17 188 5 46 82 4 5 157 2 85 80 2 87 112 4 1 99 43 3 87 172 2 54 117 1 73 44 2 5 68 170 5 89 37 1 5 27 56 5 5 50 133 1 43 187 2 58 65 3 63 6 4 53 132 2 4 22 196 5 6 166
